   1.1525086e+02   1.5763406e+02   9.2997601e+00   1.1525086e+02   2.2468300e+02   1.2762199e+01
   1.1524829e+02   7.8107348e+01   8.9294885e+00   1.1524829e+02   8.8555005e+01   9.7176327e+00
   1.1524584e+02   7.7530460e+01   8.8848490e+00   1.1524584e+02   8.6848747e+01   9.6583464e+00
   1.1524349e+02   7.8625470e+01   8.8025253e+00   1.1524349e+02   8.8290101e+01   9.6522317e+00
   1.1524124e+02   8.0609570e+01   8.7937124e+00   1.1524124e+02   9.1078506e+01   9.8677862e+00
   1.1523908e+02   8.3120053e+01   8.7298613e+00   1.1523908e+02   9.3855681e+01   1.0219772e+01
   1.1523700e+02   8.5009200e+01   8.6826761e+00   1.1523700e+02   9.4940733e+01   1.0441683e+01
   1.1523497e+02   8.6009591e+01   8.6617065e+00   1.1523497e+02   9.4318735e+01   1.0790861e+01
   1.1523302e+02   8.6368712e+01   8.7789602e+00   1.1523302e+02   9.2715895e+01   1.0733183e+01
   1.1523114e+02   8.6375896e+01   8.7903102e+00   1.1523114e+02   9.0501006e+01   1.0983414e+01
   1.1522933e+02   8.6249932e+01   8.8800389e+00   1.1522933e+02   8.8414578e+01   1.1007394e+01
   1.1522758e+02   8.5848055e+01   8.6837474e+00   1.1522758e+02   8.6402453e+01   1.0883381e+01
   1.1522587e+02   8.5409423e+01   8.3687850e+00   1.1522587e+02   8.4544011e+01   1.0755481e+01
   1.1522421e+02   8.4827875e+01   8.1835531e+00   1.1522421e+02   8.2740956e+01   1.1091736e+01
   1.1522261e+02   8.4290382e+01   7.9606673e+00   1.1522261e+02   8.1291908e+01   1.1008975e+01
   1.1522105e+02   8.3697237e+01   8.0187512e+00   1.1522105e+02   8.0543932e+01   1.1104402e+01
   1.1521955e+02   8.3208262e+01   8.0867528e+00   1.1521955e+02   7.9864140e+01   1.0686404e+01
   1.1521808e+02   8.2752957e+01   7.9824500e+00   1.1521808e+02   7.9156404e+01   1.0772806e+01
   1.1521664e+02   8.2390957e+01   7.9966397e+00   1.1521664e+02   7.9164174e+01   1.0892933e+01
   1.1521524e+02   8.2130685e+01   8.0201646e+00   1.1521524e+02   7.9290355e+01   1.1132578e+01
   1.1521389e+02   8.1954039e+01   8.0942974e+00   1.1521389e+02   7.9386028e+01   1.1041502e+01
   1.1521257e+02   8.1915773e+01   8.1368066e+00   1.1521257e+02   7.9502709e+01   1.1121153e+01
   1.1521129e+02   8.1837240e+01   8.1548336e+00   1.1521129e+02   7.9875922e+01   1.1320351e+01
   1.1521003e+02   8.1864851e+01   8.1735454e+00   1.1521003e+02   8.0254045e+01   1.1288447e+01
   1.1520879e+02   8.1947281e+01   8.2312495e+00   1.1520879e+02   8.0695261e+01   1.1243061e+01
   1.1520759e+02   8.1945800e+01   8.4004718e+00   1.1520759e+02   8.1079499e+01   1.1616123e+01
   1.1520643e+02   8.2015020e+01   8.4050698e+00   1.1520643e+02   8.1584726e+01   1.1546256e+01
   1.1520529e+02   8.1940073e+01   8.3311406e+00   1.1520529e+02   8.2034056e+01   1.1572604e+01
   1.1520417e+02   8.1942848e+01   8.3040842e+00   1.1520417e+02   8.2509910e+01   1.1539879e+01
   1.1520307e+02   8.2073428e+01   8.3559678e+00   1.1520307e+02   8.3007524e+01   1.1502627e+01
   1.1520199e+02   8.2181597e+01   8.3728440e+00   1.1520199e+02   8.3402892e+01   1.1492716e+01
   1.1520094e+02   8.2228490e+01   8.4208878e+00   1.1520094e+02   8.3800709e+01   1.1486977e+01
   1.1519992e+02   8.2264903e+01   8.4917038e+00   1.1519992e+02   8.4217210e+01   1.1517796e+01
   1.1519892e+02   8.2227374e+01   8.4985147e+00   1.1519892e+02   8.4565589e+01   1.1549074e+01
   1.1519792e+02   8.2645073e+01   8.6829341e+00   1.1519792e+02   8.4928301e+01   1.1520822e+01
   1.1519695e+02   8.3430808e+01   9.3194474e+00   1.1519695e+02   8.5925981e+01   1.1733261e+01
   1.1519601e+02   8.4935636e+01   1.1598696e+01   1.1519601e+02   8.8046097e+01   1.3570912e+01
   1.1519508e+02   8.6081475e+01   1.3954161e+01   1.1519508e+02   8.9393064e+01   1.5260517e+01
   1.1519417e+02   8.6507886e+01   1.4858203e+01   1.1519417e+02   9.1189672e+01   1.8169722e+01
   1.1519326e+02   9.0226853e+01   2.4085865e+01   1.1519326e+02   9.4309119e+01   2.4596599e+01
   1.1519238e+02   9.2320663e+01   2.9558202e+01   1.1519238e+02   9.6592039e+01   2.9458280e+01
   1.1519152e+02   9.3181976e+01   3.1889427e+01   1.1519152e+02   9.7402465e+01   3.0550227e+01
   1.1519067e+02   9.4432351e+01   3.5217394e+01   1.1519067e+02   9.8840219e+01   3.3337482e+01
   1.1518984e+02   9.5956000e+01   3.9319864e+01   1.1518984e+02   1.0042340e+02   3.6520357e+01
   1.1518901e+02   9.6744335e+01   4.1441768e+01   1.1518901e+02   1.0136351e+02   3.7460318e+01
   1.1518820e+02   9.7204441e+01   4.2606653e+01   1.1518820e+02   1.0175030e+02   3.7209343e+01
   1.1518741e+02   9.6769574e+01   4.1416652e+01   1.1518741e+02   1.0072626e+02   3.4030052e+01
   1.1518663e+02   9.6670245e+01   4.1039926e+01   1.1518663e+02   1.0098711e+02   3.3567751e+01
   1.1518586e+02   9.7769368e+01   4.3925882e+01   1.1518586e+02   1.0111237e+02   3.2870783e+01
   1.1518510e+02   9.7079838e+01   4.1915088e+01   1.1518510e+02   1.0050507e+02   3.0276516e+01
   1.1518435e+02   9.7125479e+01   4.2050897e+01   1.1518435e+02   1.0054679e+02   2.9381045e+01
   1.1516790e+02   9.6285311e+01   3.9546210e+01   1.1516790e+02   9.9701062e+01   2.6393923e+01
   1.1508735e+02   9.6340401e+01   3.9419879e+01   1.1508735e+02   9.9623522e+01   2.5237724e+01
   1.1494352e+02   9.5837836e+01   3.7243117e+01   1.1494352e+02   9.9458647e+01   2.2594858e+01
   1.1474045e+02   9.5835660e+01   3.3906656e+01   1.1474045e+02   9.9037390e+01   2.0083946e+01
   1.1448467e+02   9.6308345e+01   3.1180550e+01   1.1448467e+02   9.9216669e+01   1.7023190e+01
   1.1418120e+02   9.6783053e+01   2.8693184e+01   1.1418120e+02   9.9975031e+01   1.5187962e+01
   1.1383457e+02   9.7183071e+01   2.6152034e+01   1.1383457e+02   1.0069355e+02   1.3559365e+01
   1.1344439e+02   9.7300698e+01   2.2548241e+01   1.1344439e+02   1.0121905e+02   1.2603476e+01
   1.1301558e+02   9.8397697e+01   1.9550416e+01   1.1301558e+02   1.0292321e+02   1.3603826e+01
   1.1255402e+02   1.0032948e+02   1.7879035e+01   1.1255402e+02   1.0484105e+02   1.7879625e+01
   1.1206306e+02   1.0017612e+02   1.5369397e+01   1.1206306e+02   1.0519779e+02   2.2281487e+01
   1.1154573e+02   1.0062159e+02   1.3611183e+01   1.1154573e+02   1.0577090e+02   2.6934070e+01
   1.1099573e+02   1.0075867e+02   1.1512687e+01   1.1099573e+02   1.0547767e+02   3.1723771e+01
   1.1042340e+02   1.0206432e+02   1.0349810e+01   1.1042340e+02   1.0670690e+02   3.6557593e+01
   1.0983176e+02   1.0340561e+02   1.1008599e+01   1.0983176e+02   1.0828951e+02   4.3585322e+01
   1.0922306e+02   1.0477410e+02   1.3045435e+01   1.0922306e+02   1.0952179e+02   4.6888944e+01
   1.0859588e+02   1.0567814e+02   1.5045718e+01   1.0859588e+02   1.0960811e+02   5.0559088e+01
   1.0794753e+02   1.0632434e+02   1.9178569e+01   1.0794753e+02   1.1006653e+02   5.4193958e+01
   1.0728734e+02   1.0675206e+02   2.2752375e+01   1.0728734e+02   1.1099132e+02   5.9362398e+01
   1.0661697e+02   1.0713841e+02   2.6249891e+01   1.0661697e+02   1.1059642e+02   6.3623026e+01
   1.0593791e+02   1.0808685e+02   2.8967161e+01   1.0593791e+02   1.1109761e+02   6.6481552e+01
   1.0524215e+02   1.1048055e+02   3.2387809e+01   1.0524215e+02   1.1439956e+02   7.1330641e+01
   1.0453719e+02   1.1191355e+02   3.4956909e+01   1.0453719e+02   1.1616335e+02   7.4455035e+01
   1.0382714e+02   1.1404644e+02   3.7408834e+01   1.0382714e+02   1.1826381e+02   7.6932321e+01
   1.0311310e+02   1.1694782e+02   4.0369489e+01   1.0311310e+02   1.2315299e+02   8.0223495e+01
   1.0239230e+02   1.1767992e+02   4.2386755e+01   1.0239230e+02   1.2487277e+02   8.0627982e+01
   1.0166019e+02   1.1969003e+02   4.3791872e+01   1.0166019e+02   1.2530672e+02   8.2952504e+01
   1.0092680e+02   1.2232425e+02   4.6165537e+01   1.0092680e+02   1.2806211e+02   8.4562549e+01
   1.0019291e+02   1.2332427e+02   4.7831459e+01   1.0019291e+02   1.2854795e+02   8.5357654e+01
   9.9459233e+01   1.2579802e+02   5.0129869e+01   9.9459233e+01   1.3253239e+02   8.7786757e+01
   9.8714443e+01   1.2854759e+02   5.1621501e+01   9.8714443e+01   1.3700301e+02   8.9669770e+01
   9.7969857e+01   1.3032365e+02   5.3014515e+01   9.7969857e+01   1.3898085e+02   9.1089866e+01
   9.7227358e+01   1.3289561e+02   5.4376206e+01   9.7227358e+01   1.4077534e+02   9.1762562e+01
   9.6487456e+01   1.3514914e+02   5.6286437e+01   9.6487456e+01   1.4482367e+02   9.3734280e+01
   9.5742668e+01   1.3691263e+02   5.7278866e+01   9.5742668e+01   1.4603452e+02   9.3678490e+01
   9.4995924e+01   1.3868411e+02   5.7852876e+01   9.4995924e+01   1.4902748e+02   9.3778531e+01
   9.4253173e+01   1.4066451e+02   5.9179099e+01   9.4253173e+01   1.5121754e+02   9.4227697e+01
   9.3514768e+01   1.4309688e+02   6.0293741e+01   9.3514768e+01   1.5414715e+02   9.4528266e+01
   9.2776215e+01   1.4538182e+02   6.0929380e+01   9.2776215e+01   1.5572681e+02   9.4557255e+01
   9.2034011e+01   1.4712133e+02   6.1805112e+01   9.2034011e+01   1.5714551e+02   9.4404279e+01
   9.1297193e+01   1.4819841e+02   6.2196028e+01   9.1297193e+01   1.5837949e+02   9.4283930e+01
   9.0565992e+01   1.4990181e+02   6.3053514e+01   9.0565992e+01   1.5949119e+02   9.4260570e+01
   8.9837938e+01   1.5263949e+02   6.4263067e+01   8.9837938e+01   1.6475262e+02   9.5674254e+01
   8.9105212e+01   1.5461634e+02   6.5117113e+01   8.9105212e+01   1.6613262e+02   9.5882091e+01
   8.8378873e+01   1.5535668e+02   6.5556840e+01   8.8378873e+01   1.6529083e+02   9.5676306e+01
   8.7659059e+01   1.5877952e+02   6.7097495e+01   8.7659059e+01   1.6817488e+02   9.6572267e+01
   8.6944322e+01   1.6087370e+02   6.7620736e+01   8.6944322e+01   1.6986011e+02   9.6021712e+01
   8.6224679e+01   1.6375218e+02   6.8498616e+01   8.6224679e+01   1.7244999e+02   9.6408033e+01
   8.5512124e+01   1.6484862e+02   6.9159981e+01   8.5512124e+01   1.7580526e+02   9.7352474e+01
   8.4806726e+01   1.6695136e+02   7.0086181e+01   8.4806726e+01   1.7694080e+02   9.7468523e+01
   8.4107066e+01   1.6964889e+02   7.1051421e+01   8.4107066e+01   1.7750789e+02   9.6951327e+01
   8.3403096e+01   1.7107074e+02   7.1542494e+01   8.3403096e+01   1.7914790e+02   9.7081358e+01
   8.2706688e+01   1.7291610e+02   7.2596222e+01   8.2706688e+01   1.8065292e+02   9.8030303e+01
   8.2017857e+01   1.7430138e+02   7.3062480e+01   8.2017857e+01   1.8134224e+02   9.7927412e+01
   8.1334261e+01   1.7524992e+02   7.3176400e+01   8.1334261e+01   1.8071635e+02   9.6530557e+01
   8.0647783e+01   1.7688277e+02   7.3814741e+01   8.0647783e+01   1.8105678e+02   9.6081111e+01
   7.9969164e+01   1.7716247e+02   7.3829533e+01   7.9969164e+01   1.8004977e+02   9.5271928e+01
   7.9298381e+01   1.7723765e+02   7.3835910e+01   7.9298381e+01   1.8016283e+02   9.4854417e+01
   7.8631273e+01   1.7897952e+02   7.4556656e+01   7.8631273e+01   1.8666742e+02   9.7106699e+01
   7.7963515e+01   1.8072080e+02   7.5491523e+01   7.7963515e+01   1.8406123e+02   9.5821566e+01
   7.7303780e+01   1.8268983e+02   7.6056785e+01   7.7303780e+01   1.8378051e+02   9.4810791e+01
   7.6652016e+01   1.8345371e+02   7.6125089e+01   7.6652016e+01   1.8601320e+02   9.6096180e+01
   7.6001414e+01   1.8398272e+02   7.6168718e+01   7.6001414e+01   1.8433063e+02   9.4155000e+01
   7.5353155e+01   1.8500084e+02   7.6627958e+01   7.5353155e+01   1.8430748e+02   9.3947272e+01
   7.4712981e+01   1.8540011e+02   7.6862232e+01   7.4712981e+01   1.8337900e+02   9.3109457e+01
   7.4080817e+01   1.8605421e+02   7.6964982e+01   7.4080817e+01   1.8353889e+02   9.2581775e+01
   7.3446452e+01   1.8635963e+02   7.6965014e+01   7.3446452e+01   1.8261497e+02   9.1553717e+01
   7.2818128e+01   1.8733653e+02   7.7396086e+01   7.2818128e+01   1.8446322e+02   9.1794863e+01
   7.2197873e+01   1.8699090e+02   7.6944389e+01   7.2197873e+01   1.8237045e+02   9.0604822e+01
   7.1583302e+01   1.8788526e+02   7.7162759e+01   7.1583302e+01   1.8337186e+02   9.0754541e+01
   7.0966992e+01   1.8951049e+02   7.7638046e+01   7.0966992e+01   1.8351075e+02   9.0639759e+01
   7.0358779e+01   1.9156565e+02   7.9298661e+01   7.0358779e+01   1.8223044e+02   9.0018751e+01
   6.9758558e+01   1.9085955e+02   7.9132626e+01   6.9758558e+01   1.8014067e+02   8.8349232e+01
   6.9158891e+01   1.8840379e+02   7.7155504e+01   6.9158891e+01   1.7961564e+02   8.7633070e+01
   6.8562780e+01   1.8766677e+02   7.6690036e+01   6.8562780e+01   1.8169536e+02   8.8120909e+01
   6.7974654e+01   1.8825613e+02   7.7196937e+01   6.7974654e+01   1.7763752e+02   8.6329992e+01
   6.7392970e+01   1.8718464e+02   7.6472418e+01   6.7392970e+01   1.7382993e+02   8.4410404e+01
   6.6808968e+01   1.8624411e+02   7.6119264e+01   6.6808968e+01   1.7227846e+02   8.3605154e+01
   6.6232922e+01   1.8664060e+02   7.6299328e+01   6.6232922e+01   1.7045121e+02   8.2434388e+01
   6.5664714e+01   1.8569690e+02   7.5797229e+01   6.5664714e+01   1.7005407e+02   8.2084463e+01
   6.5096320e+01   1.8424961e+02   7.4988652e+01   6.5096320e+01   1.6761027e+02   8.0889527e+01
   6.4532299e+01   1.8470314e+02   7.5078718e+01   6.4532299e+01   1.6618848e+02   7.9902130e+01
   6.3976064e+01   1.8354946e+02   7.4404568e+01   6.3976064e+01   1.6547809e+02   7.9300072e+01
   6.3423736e+01   1.8246662e+02   7.4032609e+01   6.3423736e+01   1.6294759e+02   7.7853824e+01
   6.2871651e+01   1.8174459e+02   7.3636280e+01   6.2871651e+01   1.6033181e+02   7.6626999e+01
   6.2327289e+01   1.8053057e+02   7.3024075e+01   6.2327289e+01   1.5870631e+02   7.5796615e+01
   6.1790060e+01   1.8091106e+02   7.3297799e+01   6.1790060e+01   1.5520605e+02   7.3952734e+01
   6.1249799e+01   1.7836271e+02   7.2160433e+01   6.1249799e+01   1.5238614e+02   7.2828209e+01
   6.0717187e+01   1.7790986e+02   7.1884799e+01   6.0717187e+01   1.5099982e+02   7.2056123e+01
   6.0192093e+01   1.7612308e+02   7.1065196e+01   6.0192093e+01   1.5049858e+02   7.1621522e+01
   5.9665537e+01   1.7508063e+02   7.0644419e+01   5.9665537e+01   1.5047230e+02   7.1415766e+01
   5.9144535e+01   1.7530481e+02   7.0883937e+01   5.9144535e+01   1.4855925e+02   7.0582273e+01
   5.8630966e+01   1.7342277e+02   7.0010948e+01   5.8630966e+01   1.4447875e+02   6.9023440e+01
   5.8117650e+01   1.7350746e+02   7.0115662e+01   5.8117650e+01   1.4413590e+02   6.8617280e+01
   5.7608107e+01   1.7185686e+02   6.9527334e+01   5.7608107e+01   1.4138777e+02   6.7327794e+01
   5.7105905e+01   1.7000627e+02   6.8563828e+01   5.7105905e+01   1.4038864e+02   6.6700705e+01
   5.6604926e+01   1.6930174e+02   6.8487743e+01   5.6604926e+01   1.3722074e+02   6.5211334e+01
   5.6106681e+01   1.6760075e+02   6.7720029e+01   5.6106681e+01   1.3640441e+02   6.4678983e+01
   5.5615681e+01   1.6752659e+02   6.8004674e+01   5.5615681e+01   1.3453137e+02   6.3795530e+01
   5.5126165e+01   1.6474669e+02   6.6622553e+01   5.5126165e+01   1.3147112e+02   6.2344770e+01
   5.4639053e+01   1.6341648e+02   6.6296225e+01   5.4639053e+01   1.2848049e+02   6.1097583e+01
   5.4159085e+01   1.6184712e+02   6.5632631e+01   5.4159085e+01   1.2726995e+02   6.0486916e+01
   5.3680188e+01   1.6076028e+02   6.5331186e+01   5.3680188e+01   1.2433525e+02   5.9001685e+01
   5.3204041e+01   1.5862602e+02   6.4211282e+01   5.3204041e+01   1.2018486e+02   5.7235999e+01
   5.2734934e+01   1.5666419e+02   6.3212735e+01   5.2734934e+01   1.1836728e+02   5.6526661e+01
   5.2265844e+01   1.5601334e+02   6.2901723e+01   5.2265844e+01   1.1590552e+02   5.5471352e+01
   5.1800493e+01   1.5405560e+02   6.2106919e+01   5.1800493e+01   1.1306012e+02   5.4342191e+01
   5.1342076e+01   1.5139365e+02   6.1075487e+01   5.1342076e+01   1.1057005e+02   5.3297007e+01
   5.0882013e+01   1.5079978e+02   6.0836313e+01   5.0882013e+01   1.0702500e+02   5.1927396e+01
   5.0427291e+01   1.4969578e+02   6.0477137e+01   5.0427291e+01   1.0477944e+02   5.0532062e+01
   4.9978722e+01   1.4826655e+02   5.9844996e+01   4.9978722e+01   1.0439622e+02   5.0092180e+01
   4.9527611e+01   1.4692902e+02   5.9613470e+01   4.9527611e+01   1.0066804e+02   4.8664870e+01
   4.9083352e+01   1.4511717e+02   5.8644675e+01   4.9083352e+01   9.7244057e+01   4.7274505e+01
   4.8642291e+01   1.4277747e+02   5.7481836e+01   4.8642291e+01   9.5395522e+01   4.6386535e+01
   4.8201593e+01   1.4007323e+02   5.6404014e+01   4.8201593e+01   9.3108469e+01   4.5121246e+01
   4.7767635e+01   1.3945923e+02   5.6289112e+01   4.7767635e+01   9.0302294e+01   4.3966848e+01
   4.7333396e+01   1.3785760e+02   5.5440305e+01   4.7333396e+01   8.9473176e+01   4.3642532e+01
   4.6902955e+01   1.3621276e+02   5.4880695e+01   4.6902955e+01   8.7072513e+01   4.2277078e+01
   4.6478061e+01   1.3468873e+02   5.4214719e+01   4.6478061e+01   8.3075947e+01   4.0531488e+01
   4.6051072e+01   1.3476122e+02   5.4154771e+01   4.6051072e+01   8.1666536e+01   3.9998888e+01
   4.5630734e+01   1.3169206e+02   5.3020211e+01   4.5630734e+01   7.9563699e+01   3.9369811e+01
   4.5211312e+01   1.2986171e+02   5.2324491e+01   4.5211312e+01   7.5786837e+01   3.7566205e+01
   4.4794396e+01   1.2904470e+02   5.2159511e+01   4.4794396e+01   7.3340470e+01   3.6674534e+01
   4.4383019e+01   1.2714179e+02   5.1141534e+01   4.4383019e+01   7.0272648e+01   3.5241540e+01
   4.3969474e+01   1.2651204e+02   5.1250764e+01   4.3969474e+01   6.7663516e+01   3.4156812e+01
   4.3562487e+01   1.2402245e+02   5.0003494e+01   4.3562487e+01   6.4156293e+01   3.2458177e+01
   4.3155337e+01   1.2137175e+02   4.9002718e+01   4.3155337e+01   6.1217647e+01   3.1175422e+01
   4.2751705e+01   1.2051819e+02   4.8782644e+01   4.2751705e+01   5.8891659e+01   3.0205455e+01
   4.2351376e+01   1.1901487e+02   4.8104206e+01   4.2351376e+01   5.8356381e+01   3.0217795e+01
   4.1951062e+01   1.1694782e+02   4.7346357e+01   4.1951062e+01   5.5093493e+01   2.8375144e+01
   4.1556994e+01   1.1580143e+02   4.6966968e+01   4.1556994e+01   5.2344268e+01   2.7062502e+01
   4.1159971e+01   1.1350158e+02   4.5931527e+01   4.1159971e+01   4.9362018e+01   2.5881668e+01
   4.0769434e+01   1.1026433e+02   4.4408900e+01   4.0769434e+01   4.7840072e+01   2.5083754e+01
   4.0377866e+01   1.0834539e+02   4.3654587e+01   4.0377866e+01   4.6810016e+01   2.4565065e+01
   3.9990624e+01   1.0676421e+02   4.3064520e+01   3.9990624e+01   4.3787963e+01   2.3254025e+01
   3.9604195e+01   1.0553829e+02   4.2666404e+01   3.9604195e+01   4.1318395e+01   2.2197902e+01
   3.9220237e+01   1.0392792e+02   4.2167455e+01   3.9220237e+01   3.8828583e+01   2.1088797e+01
   3.8838428e+01   1.0188927e+02   4.1111346e+01   3.8838428e+01   3.6263812e+01   1.9862023e+01
   3.8457748e+01   9.9857810e+01   4.0542574e+01   3.8457748e+01   3.4111691e+01   1.9105122e+01
   3.8080052e+01   9.9221575e+01   4.0019107e+01   3.8080052e+01   3.1640040e+01   1.8112175e+01
   3.7702654e+01   9.6013752e+01   3.9008813e+01   3.7702654e+01   2.9802939e+01   1.7214402e+01
   3.7328571e+01   9.4162881e+01   3.8182074e+01   3.7328571e+01   2.7669784e+01   1.6289089e+01
   3.6954468e+01   9.4441586e+01   3.8479260e+01   3.6954468e+01   2.4696578e+01   1.5297713e+01
   3.6583512e+01   9.3709875e+01   3.8145140e+01   3.6583512e+01   2.2141650e+01   1.4356312e+01
   3.6212722e+01   8.9777708e+01   3.6493701e+01   3.6212722e+01   1.8543655e+01   1.2809582e+01
   3.5844416e+01   8.8406175e+01   3.6143062e+01   3.5844416e+01   1.5777817e+01   1.1717906e+01
   3.5476968e+01   8.3418662e+01   3.3833489e+01   3.5476968e+01   1.1748462e+01   1.0771932e+01
   3.5110847e+01   8.1736209e+01   3.3130921e+01   3.5110847e+01   9.6075313e+00   1.0089012e+01
   3.4746778e+01   7.9795311e+01   3.2178994e+01   3.4746778e+01   5.7878306e+00   9.5070443e+00
   3.4382391e+01   7.6013087e+01   3.0720002e+01   3.4382391e+01   2.7682754e+00   8.0606646e+00
   3.4021744e+01   7.3921329e+01   2.9968807e+01   3.4021744e+01   4.9769009e-01   7.4870994e+00
   3.3658650e+01   7.2224517e+01   2.9333112e+01   3.3658650e+01  -3.0150820e+00   7.5840727e+00
   3.3299617e+01   7.0065059e+01   2.8450090e+01   3.3299617e+01  -5.7222729e+00   7.4798076e+00
   3.2939253e+01   6.8210741e+01   2.7467154e+01   3.2939253e+01  -8.7565673e+00   8.0121079e+00
   3.2580619e+01   6.5587041e+01   2.6477787e+01   3.2580619e+01  -1.1156419e+01   8.0365622e+00
   3.2223849e+01   6.4531170e+01   2.6126959e+01   3.2223849e+01  -1.4281372e+01   8.8059619e+00
   3.1865205e+01   6.0898786e+01   2.4791949e+01   3.1865205e+01  -1.6709456e+01   8.6026651e+00
   3.1509360e+01   5.8890859e+01   2.3986324e+01   3.1509360e+01  -2.0403587e+01   9.4709346e+00
   3.1153066e+01   5.6901583e+01   2.3093583e+01   3.1153066e+01  -2.3394619e+01   1.0505305e+01
   3.0796356e+01   5.5028740e+01   2.2578890e+01   3.0796356e+01  -2.5288306e+01   1.1591966e+01
   3.0441636e+01   5.1720895e+01   2.1199508e+01   3.0441636e+01  -2.9161572e+01   1.1969371e+01
   3.0085974e+01   4.8852661e+01   2.0015427e+01   3.0085974e+01  -3.1837115e+01   1.3181933e+01
   2.9729560e+01   4.8946899e+01   1.9943554e+01   2.9729560e+01  -3.4285985e+01   1.5853591e+01
   2.9374319e+01   4.4215445e+01   1.7889302e+01   2.9374319e+01  -3.9121294e+01   1.6148502e+01
   2.9019532e+01   4.0874187e+01   1.6916151e+01   2.9019532e+01  -4.2672952e+01   1.7349485e+01
   2.8661803e+01   3.9637567e+01   1.6314681e+01   2.8661803e+01  -4.5929391e+01   1.8533648e+01
   2.8304423e+01   3.6392572e+01   1.4996165e+01   2.8304423e+01  -4.9488621e+01   1.9578535e+01
   2.7947015e+01   3.3906118e+01   1.4031269e+01   2.7947015e+01  -5.2557718e+01   2.0959377e+01
   2.7589195e+01   3.0457136e+01   1.2709373e+01   2.7589195e+01  -5.5736372e+01   2.2416004e+01
   2.7229145e+01   2.8768624e+01   1.2025903e+01   2.7229145e+01  -5.9091606e+01   2.3541275e+01
   2.6867221e+01   2.7081115e+01   1.1452029e+01   2.6867221e+01  -6.1890364e+01   2.4598013e+01
   2.6504122e+01   2.4091619e+01   1.0397996e+01   2.6504122e+01  -6.4915732e+01   2.5704961e+01
   2.6139510e+01   2.1112912e+01   9.3846026e+00   2.6139510e+01  -6.7196037e+01   2.6347979e+01
   2.5773059e+01   1.9250460e+01   8.3755344e+00   2.5773059e+01  -6.9958309e+01   2.7578181e+01
   2.5404455e+01   1.6462309e+01   7.4589160e+00   2.5404455e+01  -7.2017117e+01   2.8341914e+01
   2.5033401e+01   1.5609662e+01   7.2265158e+00   2.5033401e+01  -7.4798117e+01   2.9500307e+01
   2.4659620e+01   1.2491974e+01   6.3120828e+00   2.4659620e+01  -7.7121168e+01   3.0459495e+01
   2.4282860e+01   9.8323865e+00   5.4153925e+00   2.4282860e+01  -7.9254895e+01   3.1386213e+01
   2.3902900e+01   7.5637932e+00   4.5542288e+00   2.3902900e+01  -8.1345136e+01   3.2232012e+01
   2.3519554e+01   5.5594302e+00   4.3337059e+00   2.3519554e+01  -8.3041145e+01   3.2942743e+01
   2.3132678e+01   3.8275777e+00   4.0381587e+00   2.3132678e+01  -8.4616837e+01   3.3717560e+01
   2.2741474e+01   1.4365081e+00   3.2334727e+00   2.2741474e+01  -8.5959806e+01   3.4222334e+01
   2.2344514e+01  -2.6508422e-01   2.8170111e+00   2.2344514e+01  -8.7093849e+01   3.4692043e+01
   2.1943592e+01  -2.3221154e+00   2.8254222e+00   2.1943592e+01  -8.8080552e+01   3.5083404e+01
   2.1538122e+01  -3.9744853e+00   3.1281893e+00   2.1538122e+01  -8.8829476e+01   3.5440442e+01
   2.1125679e+01  -5.7253775e+00   4.0774360e+00   2.1125679e+01  -8.9673267e+01   3.5690716e+01
   2.0709133e+01  -7.2401307e+00   4.3354776e+00   2.0709133e+01  -9.0154108e+01   3.5909176e+01
   2.0285456e+01  -9.3365323e+00   4.6878680e+00   2.0285456e+01  -9.0376474e+01   3.6091522e+01
   1.9856594e+01  -1.0638814e+01   5.1240467e+00   1.9856594e+01  -9.0485779e+01   3.6221320e+01
   1.9422772e+01  -1.1826745e+01   5.6024522e+00   1.9422772e+01  -9.0299631e+01   3.6265132e+01
   1.8984225e+01  -1.2688601e+01   5.9451632e+00   1.8984225e+01  -8.9862136e+01   3.6148306e+01
   1.8541974e+01  -1.3544965e+01   6.1823352e+00   1.8541974e+01  -8.9272311e+01   3.6004621e+01
   1.8097911e+01  -1.4205188e+01   6.3910032e+00   1.8097911e+01  -8.8454681e+01   3.5726025e+01
   1.7654788e+01  -1.4675563e+01   6.5635087e+00   1.7654788e+01  -8.7329152e+01   3.5338202e+01
   1.7216098e+01  -1.5124922e+01   6.7107942e+00   1.7216098e+01  -8.6137960e+01   3.4940686e+01
   1.6784977e+01  -1.5189014e+01   6.6575071e+00   1.6784977e+01  -8.4533968e+01   3.4368787e+01
   1.6361625e+01  -1.5396021e+01   6.7907382e+00   1.6361625e+01  -8.2777858e+01   3.3714463e+01
   1.5945162e+01  -1.5451478e+01   6.8138894e+00   1.5945162e+01  -8.1050796e+01   3.3072283e+01
   1.5535687e+01  -1.5419008e+01   6.8198325e+00   1.5535687e+01  -7.9130903e+01   3.2368277e+01
   1.5131674e+01  -1.5223499e+01   6.7619342e+00   1.5131674e+01  -7.7057274e+01   3.1616586e+01
   1.4733277e+01  -1.5067878e+01   6.7125958e+00   1.4733277e+01  -7.4935428e+01   3.0830192e+01
   1.4339575e+01  -1.5041503e+01   6.6315500e+00   1.4339575e+01  -7.2752396e+01   3.0034772e+01
   1.3949460e+01  -1.4755025e+01   6.5185508e+00   1.3949460e+01  -7.0537189e+01   2.9239285e+01
   1.3562442e+01  -1.4449460e+01   6.4175416e+00   1.3562442e+01  -6.8312208e+01   2.8430792e+01
   1.3177548e+01  -1.4098667e+01   6.2729237e+00   1.3177548e+01  -6.6074476e+01   2.7597223e+01
   1.2793339e+01  -1.3709254e+01   6.1258195e+00   1.2793339e+01  -6.3891138e+01   2.6789975e+01
   1.2408719e+01  -1.3280379e+01   5.9573384e+00   1.2408719e+01  -6.1677310e+01   2.5893172e+01
   1.2021949e+01  -1.2814010e+01   5.7684433e+00   1.2021949e+01  -5.9464994e+01   2.4974438e+01
   1.1631800e+01  -1.2340322e+01   5.5677895e+00   1.1631800e+01  -5.7251867e+01   2.4055240e+01
   1.1237587e+01  -1.1864187e+01   5.3547981e+00   1.1237587e+01  -5.5035284e+01   2.3137837e+01
   1.0839143e+01  -1.1409560e+01   5.1401620e+00   1.0839143e+01  -5.2641042e+01   2.2194210e+01
   1.0436089e+01  -1.0937045e+01   4.9439776e+00   1.0436089e+01  -5.0110895e+01   2.1127073e+01
   1.0029146e+01  -1.0481052e+01   4.7558619e+00   1.0029146e+01  -4.7720546e+01   2.0100913e+01
   9.6202767e+00  -9.9932209e+00   4.5561969e+00   9.6202767e+00  -4.5464578e+01   1.9140334e+01
   9.2126631e+00  -9.5275028e+00   4.3687513e+00   9.2126631e+00  -4.3372564e+01   1.8257818e+01
   8.8091490e+00  -9.0249931e+00   4.1573874e+00   8.8091490e+00  -4.1415991e+01   1.7430588e+01
   8.4089779e+00  -8.4538720e+00   3.9340146e+00   8.4089779e+00  -3.9494806e+01   1.6620502e+01
   8.0108182e+00  -7.9368772e+00   3.7240598e+00   8.0108182e+00  -3.7597189e+01   1.5809687e+01
   7.6134435e+00  -7.4800884e+00   3.5299382e+00   7.6134435e+00  -3.5762609e+01   1.5041686e+01
   7.2155423e+00  -7.0708228e+00   3.3431911e+00   7.2155423e+00  -3.4013920e+01   1.4311836e+01
   6.8160708e+00  -6.7131125e+00   3.1714266e+00   6.8160708e+00  -3.2284780e+01   1.3588965e+01
   6.4149443e+00  -6.3779547e+00   3.0039990e+00   6.4149443e+00  -3.0618305e+01   1.2883599e+01
   6.0137609e+00  -6.0631974e+00   2.8428505e+00   6.0137609e+00  -2.8978232e+01   1.2184442e+01
   5.6137429e+00  -5.7691733e+00   2.6874680e+00   5.6137429e+00  -2.7345431e+01   1.1493541e+01
   5.2139261e+00  -5.4906876e+00   2.5401428e+00   5.2139261e+00  -2.5723956e+01   1.0812510e+01
   4.8140270e+00  -5.2087206e+00   2.3889884e+00   4.8140270e+00  -2.4070983e+01   1.0117732e+01
   4.4137665e+00  -4.9196948e+00   2.2369791e+00   4.4137665e+00  -2.2391443e+01   9.4090725e+00
   4.0137136e+00  -4.6076359e+00   2.0789432e+00   4.0137136e+00  -2.0673837e+01   8.6890041e+00
   3.6136605e+00  -4.2638760e+00   1.9134222e+00   3.6136605e+00  -1.8900566e+01   7.9476340e+00
   3.2135829e+00  -3.8828269e+00   1.7363400e+00   3.2135829e+00  -1.7027552e+01   7.1676132e+00
   2.8135123e+00  -3.4542498e+00   1.5456119e+00   2.8135123e+00  -1.5036464e+01   6.3436299e+00
   2.4134474e+00  -2.9855112e+00   1.3433900e+00   2.4134474e+00  -1.2920843e+01   5.4728367e+00
   2.0133838e+00  -2.4830835e+00   1.1313449e+00   2.0133838e+00  -1.0688603e+01   4.5593213e+00
   1.6133203e+00  -1.9632521e+00   9.1216242e-01   1.6133203e+00  -8.3940566e+00   3.6231757e+00
   1.2132607e+00  -1.4333891e+00   6.8875011e-01   1.2132607e+00  -6.0675395e+00   2.6806956e+00
   8.1320681e-01  -9.0119763e-01   4.6748788e-01   8.1320681e-01  -3.7254565e+00   1.7444340e+00
   4.1316482e-01  -3.7105810e-01   2.5295693e-01   4.1316482e-01  -1.3702971e+00   8.5287413e-01
