   1.1525086e+02  -8.4691350e-01   2.4569829e-01   1.1525086e+02  -5.6297629e-01   1.7651810e-01
   1.1524829e+02  -1.4735233e+00   7.3929010e-02   1.1524829e+02  -1.4735068e+00   7.3930556e-02
   1.1524584e+02  -1.4786026e+00   7.4191986e-02   1.1524584e+02  -1.4785856e+00   7.4192327e-02
   1.1524349e+02  -1.4798090e+00   7.4239024e-02   1.1524349e+02  -1.4797916e+00   7.4238488e-02
   1.1524124e+02  -1.4803959e+00   7.4261136e-02   1.1524124e+02  -1.4803755e+00   7.4259623e-02
   1.1523908e+02  -1.4814724e+00   7.4894180e-02   1.1523908e+02  -1.4814439e+00   7.4891146e-02
   1.1523700e+02  -1.4820257e+00   7.5208281e-02   1.1523700e+02  -1.4819762e+00   7.5199897e-02
   1.1523497e+02  -1.4821380e+00   7.5210481e-02   1.1523497e+02  -1.4820327e+00   7.5186188e-02
   1.1523302e+02  -1.4828332e+00   7.5464759e-02   1.1523302e+02  -1.4826445e+00   7.5414269e-02
   1.1523114e+02  -1.4834080e+00   7.5718893e-02   1.1523114e+02  -1.4831276e+00   7.5634386e-02
   1.1522933e+02  -1.4834338e+00   7.5702574e-02   1.1522933e+02  -1.4830709e+00   7.5620785e-02
   1.1522758e+02  -1.4834504e+00   7.5692659e-02   1.1522758e+02  -1.4830183e+00   7.5615066e-02
   1.1522587e+02  -1.4834691e+00   7.5685435e-02   1.1522587e+02  -1.4829759e+00   7.5614488e-02
   1.1522421e+02  -1.4834867e+00   7.5683515e-02   1.1522421e+02  -1.4829283e+00   7.5603909e-02
   1.1522261e+02  -1.4838505e+00   7.6000197e-02   1.1522261e+02  -1.4832294e+00   7.5926129e-02
   1.1522105e+02  -1.4849852e+00   7.7100469e-02   1.1522105e+02  -1.4843217e+00   7.7024813e-02
   1.1521955e+02  -1.4850013e+00   7.7106052e-02   1.1521955e+02  -1.4842910e+00   7.7040593e-02
   1.1521808e+02  -1.4850065e+00   7.7105050e-02   1.1521808e+02  -1.4842551e+00   7.7048079e-02
   1.1521664e+02  -1.4850069e+00   7.7102679e-02   1.1521664e+02  -1.4842603e+00   7.7024318e-02
   1.1521524e+02  -1.4850075e+00   7.7099591e-02   1.1521524e+02  -1.4842319e+00   7.7003612e-02
   1.1521389e+02  -1.4850068e+00   7.7099263e-02   1.1521389e+02  -1.4842110e+00   7.6995034e-02
   1.1521257e+02  -1.4850079e+00   7.7100266e-02   1.1521257e+02  -1.4841969e+00   7.6980638e-02
   1.1521129e+02  -1.4850082e+00   7.7101265e-02   1.1521129e+02  -1.4841845e+00   7.6979246e-02
   1.1521003e+02  -1.4850066e+00   7.7100620e-02   1.1521003e+02  -1.4841654e+00   7.6979648e-02
   1.1520879e+02  -1.4850019e+00   7.7096623e-02   1.1520879e+02  -1.4841532e+00   7.6970373e-02
   1.1520759e+02  -1.4868846e+00   7.5067985e-02   1.1520759e+02  -1.4860017e+00   7.4960199e-02
   1.1520643e+02  -1.4874713e+00   7.5119899e-02   1.1520643e+02  -1.4865668e+00   7.5023954e-02
   1.1520529e+02  -1.4874687e+00   7.5107342e-02   1.1520529e+02  -1.4865543e+00   7.5006546e-02
   1.1520417e+02  -1.4874606e+00   7.5102282e-02   1.1520417e+02  -1.4865064e+00   7.4954727e-02
   1.1520307e+02  -1.4874513e+00   7.5098843e-02   1.1520307e+02  -1.4865073e+00   7.4988544e-02
   1.1520199e+02  -1.4874410e+00   7.5097194e-02   1.1520199e+02  -1.4864807e+00   7.4982565e-02
   1.1520094e+02  -1.4874302e+00   7.5096030e-02   1.1520094e+02  -1.4864526e+00   7.4980321e-02
   1.1519992e+02  -1.4874200e+00   7.5092155e-02   1.1519992e+02  -1.4864215e+00   7.4983054e-02
   1.1519892e+02  -1.4863231e+00   7.4679234e-02   1.1519892e+02  -1.4852821e+00   7.4586545e-02
   1.1519792e+02  -1.4934454e+00   7.9518593e-02   1.1519792e+02  -1.4923654e+00   7.9423944e-02
   1.1519695e+02  -1.5102500e+00   1.0631776e-01   1.1519695e+02  -1.5091202e+00   1.0611973e-01
   1.1519601e+02  -1.5338564e+00   1.6104295e-01   1.1519601e+02  -1.5327096e+00   1.6082246e-01
   1.1519508e+02  -1.5619775e+00   2.3453533e-01   1.1519508e+02  -1.5605026e+00   2.3348524e-01
   1.1519417e+02  -1.5949410e+00   3.2434482e-01   1.1519417e+02  -1.5924210e+00   3.2050545e-01
   1.1519326e+02  -1.6418077e+00   4.5441764e-01   1.1519326e+02  -1.6389611e+00   4.4967100e-01
   1.1519238e+02  -1.6997841e+00   6.1680363e-01   1.1519238e+02  -1.6960980e+00   6.0966524e-01
   1.1519152e+02  -1.7357288e+00   7.1786412e-01   1.1519152e+02  -1.7311795e+00   7.0840101e-01
   1.1519067e+02  -1.7693934e+00   8.1266434e-01   1.1519067e+02  -1.7621305e+00   7.9559128e-01
   1.1518984e+02  -1.7937975e+00   8.8145324e-01   1.1518984e+02  -1.7845258e+00   8.5867109e-01
   1.1518901e+02  -1.8270080e+00   9.7511184e-01   1.1518901e+02  -1.8153347e+00   9.4567766e-01
   1.1518820e+02  -1.8448260e+00   1.0254169e+00   1.1518820e+02  -1.8242244e+00   9.7071089e-01
   1.1518741e+02  -1.8779330e+00   1.1188566e+00   1.1518741e+02  -1.7888412e+00   8.7111914e-01
   1.1518663e+02  -1.8956185e+00   1.1687772e+00   1.1518663e+02  -1.7286483e+00   7.0158952e-01
   1.1518586e+02  -1.9103678e+00   1.2104368e+00   1.1518586e+02  -1.6543328e+00   4.9313432e-01
   1.1518510e+02  -1.9210981e+00   1.2407572e+00   1.1518510e+02  -1.5447883e+00   1.9259451e-01
   1.1518435e+02  -1.9293803e+00   1.2641702e+00   1.1518435e+02  -1.2613849e+00   6.2809618e-01
   1.1516790e+02  -1.9375400e+00   1.2830081e+00   1.1516790e+02  -9.9230938e-01   1.3910957e+00
   1.1508735e+02  -1.9363566e+00   1.2735586e+00   1.1508735e+02  -7.5197288e-01   2.0763752e+00
   1.1494352e+02  -1.9466853e+00   1.2726625e+00   1.1494352e+02  -3.8365780e-01   3.1476436e+00
   1.1474045e+02  -1.9529077e+00   1.2405556e+00   1.1474045e+02   6.7013972e-02   4.4731123e+00
   1.1448467e+02  -1.9658679e+00   1.2043238e+00   1.1448467e+02   3.1332425e-01   5.2457205e+00
   1.1418120e+02  -1.9702273e+00   1.1539656e+00   1.1418120e+02   5.8794772e-01   6.0823580e+00
   1.1383457e+02  -1.9827288e+00   1.1030183e+00   1.1383457e+02   8.2917335e-01   6.8554274e+00
   1.1344439e+02  -1.9958778e+00   1.0579323e+00   1.1344439e+02   1.1666067e+00   7.8908262e+00
   1.1301558e+02  -2.0006734e+00   9.9601497e-01   1.1301558e+02   1.6202296e+00   9.2459379e+00
   1.1255402e+02  -2.0090187e+00   9.0880206e-01   1.1255402e+02   2.2980368e+00   1.1275309e+01
   1.1206306e+02  -1.9703366e+00   6.6909772e-01   1.1206306e+02   3.4340403e+00   1.4638123e+01
   1.1154573e+02  -1.9357277e+00   4.6296805e-01   1.1154573e+02   4.4416861e+00   1.7588339e+01
   1.1099573e+02  -1.9048517e+00   2.4305921e-01   1.1099573e+02   5.5829208e+00   2.0957327e+01
   1.1042340e+02  -1.7771678e+00   2.8179168e-01   1.1042340e+02   7.3592250e+00   2.6122572e+01
   1.0983176e+02  -1.6096052e+00   8.7452768e-01   1.0983176e+02   9.2194103e+00   3.1501660e+01
   1.0922306e+02  -1.4239381e+00   1.5425200e+00   1.0922306e+02   1.0685065e+01   3.5792779e+01
   1.0859588e+02  -1.2441515e+00   2.2336653e+00   1.0859588e+02   1.1946702e+01   3.9550615e+01
   1.0794753e+02  -8.8636294e-01   3.4113587e+00   1.0794753e+02   1.4035266e+01   4.5553843e+01
   1.0728734e+02  -4.3687031e-01   4.8683678e+00   1.0728734e+02   1.5180187e+01   4.8847698e+01
   1.0661697e+02  -2.4397158e-02   6.1959806e+00   1.0661697e+02   1.5742361e+01   5.0540910e+01
   1.0593791e+02   2.8148245e-01   7.2219282e+00   1.0593791e+02   1.6008596e+01   5.1462135e+01
   1.0524215e+02   4.8070277e-01   7.9789076e+00   1.0524215e+02   1.5992257e+01   5.1425800e+01
   1.0453719e+02   6.7241762e-01   8.6473736e+00   1.0453719e+02   1.6080967e+01   5.1706914e+01
   1.0382714e+02   9.8500509e-01   9.7241974e+00   1.0382714e+02   1.5705599e+01   5.0761314e+01
   1.0311310e+02   1.2243208e+00   1.0579423e+01   1.0311310e+02   1.5376972e+01   4.9893180e+01
   1.0239230e+02   1.4743773e+00   1.1479576e+01   1.0239230e+02   1.4768058e+01   4.8109302e+01
   1.0166019e+02   1.9520626e+00   1.3001310e+01   1.0166019e+02   1.4594984e+01   4.7502595e+01
   1.0092680e+02   2.3844891e+00   1.4386492e+01   1.0092680e+02   1.4516158e+01   4.7053031e+01
   1.0019291e+02   2.8789261e+00   1.5985872e+01   1.0019291e+02   1.4620567e+01   4.6729724e+01
   9.9459233e+01   3.5313157e+00   1.8042090e+01   9.9459233e+01   1.4535939e+01   4.6171597e+01
   9.8714443e+01   4.0593301e+00   1.9732152e+01   9.8714443e+01   1.4640505e+01   4.5734623e+01
   9.7969857e+01   4.6119300e+00   2.1501773e+01   9.7969857e+01   1.4623947e+01   4.5301275e+01
   9.7227358e+01   4.8386046e+00   2.2260638e+01   9.7227358e+01   1.4194092e+01   4.3720672e+01
   9.6487456e+01   4.9805270e+00   2.2849340e+01   9.6487456e+01   1.4001810e+01   4.2946374e+01
   9.5742668e+01   5.0299208e+00   2.3170107e+01   9.5742668e+01   1.3888543e+01   4.2237731e+01
   9.4995924e+01   5.0243441e+00   2.3288312e+01   9.4995924e+01   1.3904742e+01   4.1786110e+01
   9.4253173e+01   5.1746574e+00   2.3896592e+01   9.4253173e+01   1.3836165e+01   4.1269042e+01
   9.3514768e+01   4.9548795e+00   2.3430988e+01   9.3514768e+01   1.3687954e+01   4.0288872e+01
   9.2776215e+01   4.8781607e+00   2.3387890e+01   9.2776215e+01   1.3869321e+01   4.0065240e+01
   9.2034011e+01   4.7969757e+00   2.3370180e+01   9.2034011e+01   1.3874751e+01   3.8982763e+01
   9.1297193e+01   4.8297112e+00   2.3606491e+01   9.1297193e+01   1.4160757e+01   3.8022132e+01
   9.0565992e+01   4.9264731e+00   2.4095342e+01   9.0565992e+01   1.4467974e+01   3.7298079e+01
   8.9837938e+01   4.9792160e+00   2.4395052e+01   8.9837938e+01   1.4867958e+01   3.6985221e+01
   8.9105212e+01   5.0310062e+00   2.4770310e+01   8.9105212e+01   1.5200245e+01   3.6283790e+01
   8.8378873e+01   5.1664791e+00   2.5296229e+01   8.8378873e+01   1.5475491e+01   3.5741315e+01
   8.7659059e+01   5.2829099e+00   2.5763191e+01   8.7659059e+01   1.5749977e+01   3.5173717e+01
   8.6944322e+01   5.1546391e+00   2.5595513e+01   8.6944322e+01   1.6171484e+01   3.4324832e+01
   8.6224679e+01   5.1175982e+00   2.5674890e+01   8.6224679e+01   1.6760761e+01   3.3476374e+01
   8.5512124e+01   5.1189833e+00   2.5785241e+01   8.5512124e+01   1.7284299e+01   3.2977180e+01
   8.4806726e+01   5.0629115e+00   2.5807858e+01   8.4806726e+01   1.7982309e+01   3.2479370e+01
   8.4107066e+01   4.9515883e+00   2.5674657e+01   8.4107066e+01   1.8793217e+01   3.1727144e+01
   8.3403096e+01   4.8988462e+00   2.5635587e+01   8.3403096e+01   1.9630491e+01   3.0898633e+01
   8.2706688e+01   4.9711096e+00   2.6006421e+01   8.2706688e+01   2.0465285e+01   3.0575535e+01
   8.2017857e+01   4.8145476e+00   2.5656095e+01   8.2017857e+01   2.1148497e+01   2.9542887e+01
   8.1334261e+01   4.7643654e+00   2.5649305e+01   8.1334261e+01   2.1995305e+01   2.8886122e+01
   8.0647783e+01   4.7143351e+00   2.5618586e+01   8.0647783e+01   2.2873371e+01   2.8239916e+01
   7.9969164e+01   4.6729432e+00   2.5587230e+01   7.9969164e+01   2.3860682e+01   2.7382682e+01
   7.9298381e+01   4.6982480e+00   2.5622523e+01   7.9298381e+01   2.5319268e+01   2.6728214e+01
   7.8631273e+01   4.6847067e+00   2.5589340e+01   7.8631273e+01   2.6311079e+01   2.5767418e+01
   7.7963515e+01   4.6981668e+00   2.5693767e+01   7.7963515e+01   2.7632709e+01   2.5291365e+01
   7.7303780e+01   4.5876138e+00   2.5440761e+01   7.7303780e+01   2.8607553e+01   2.4239238e+01
   7.6652016e+01   4.5453478e+00   2.5270356e+01   7.6652016e+01   2.9616260e+01   2.3348335e+01
   7.6001414e+01   4.4713400e+00   2.5073120e+01   7.6001414e+01   3.0562881e+01   2.2411035e+01
   7.5353155e+01   4.4080232e+00   2.4852239e+01   7.5353155e+01   3.1705166e+01   2.1503962e+01
   7.4712981e+01   4.3604170e+00   2.4687443e+01   7.4712981e+01   3.2864249e+01   2.0867240e+01
   7.4080817e+01   4.3431412e+00   2.4596006e+01   7.4080817e+01   3.4266175e+01   2.0149646e+01
   7.3446452e+01   4.4411674e+00   2.4856368e+01   7.3446452e+01   3.5777214e+01   1.9544144e+01
   7.2818128e+01   4.3551710e+00   2.4504894e+01   7.2818128e+01   3.7220336e+01   1.8779816e+01
   7.2197873e+01   4.2668710e+00   2.4118637e+01   7.2197873e+01   3.8515193e+01   1.7881590e+01
   7.1583302e+01   4.2208455e+00   2.3907673e+01   7.1583302e+01   3.9831738e+01   1.7288424e+01
   7.0966992e+01   4.1767157e+00   2.3642622e+01   7.0966992e+01   4.1429612e+01   1.6802965e+01
   7.0358779e+01   4.1576918e+00   2.3503778e+01   7.0358779e+01   4.3072012e+01   1.6079451e+01
   6.9758558e+01   4.1702403e+00   2.3402810e+01   6.9758558e+01   4.4701045e+01   1.5353953e+01
   6.9158891e+01   4.2150738e+00   2.3299708e+01   6.9158891e+01   4.5967219e+01   1.4182383e+01
   6.8562780e+01   4.0917760e+00   2.2713798e+01   6.8562780e+01   4.7502531e+01   1.4190282e+01
   6.7974654e+01   4.1050447e+00   2.2453995e+01   6.7974654e+01   4.8722719e+01   1.2700051e+01
   6.7392970e+01   4.2125081e+00   2.2198904e+01   6.7392970e+01   5.0762949e+01   1.1904805e+01
   6.6808968e+01   4.3727656e+00   2.1972259e+01   6.6808968e+01   5.2531121e+01   1.1306795e+01
   6.6232922e+01   4.5519100e+00   2.1945835e+01   6.6232922e+01   5.3221072e+01   1.0360015e+01
   6.5664714e+01   4.6409233e+00   2.1657356e+01   6.5664714e+01   5.4148182e+01   9.4864158e+00
   6.5096320e+01   4.7678845e+00   2.1455951e+01   6.5096320e+01   5.5190676e+01   8.7878043e+00
   6.4532299e+01   4.7150435e+00   2.0757098e+01   6.4532299e+01   5.6358807e+01   8.4363416e+00
   6.3976064e+01   4.7810395e+00   2.0374991e+01   6.3976064e+01   5.7811671e+01   8.5970739e+00
   6.3423736e+01   4.8388523e+00   2.0062563e+01   6.3423736e+01   5.9129620e+01   8.5474248e+00
   6.2871651e+01   4.9088100e+00   1.9795106e+01   6.2871651e+01   6.0529551e+01   8.8487921e+00
   6.2327289e+01   5.0443129e+00   1.9599168e+01   6.2327289e+01   6.1800073e+01   8.8360419e+00
   6.1790060e+01   5.3131268e+00   1.9462403e+01   6.1790060e+01   6.3640972e+01   9.4864917e+00
   6.1249799e+01   5.6044590e+00   1.9463168e+01   6.1249799e+01   6.5325117e+01   1.0721783e+01
   6.0717187e+01   5.5679477e+00   1.8917271e+01   6.0717187e+01   6.5816291e+01   1.0809606e+01
   6.0192093e+01   5.6467287e+00   1.8611530e+01   6.0192093e+01   6.6190074e+01   1.0771668e+01
   5.9665537e+01   5.9728861e+00   1.8653249e+01   5.9665537e+01   6.7079337e+01   1.1085910e+01
   5.9144535e+01   6.1961079e+00   1.8272599e+01   5.9144535e+01   6.8387572e+01   1.1731751e+01
   5.8630966e+01   6.3697375e+00   1.7965718e+01   5.8630966e+01   6.9521841e+01   1.2049827e+01
   5.8117650e+01   6.6652806e+00   1.7895169e+01   5.8117650e+01   7.0352807e+01   1.1998398e+01
   5.7608107e+01   6.9536301e+00   1.7822004e+01   5.7608107e+01   7.1331966e+01   1.2174381e+01
   5.7105905e+01   7.2022110e+00   1.7488528e+01   5.7105905e+01   7.2159928e+01   1.2592103e+01
   5.6604926e+01   7.4514217e+00   1.7184264e+01   5.6604926e+01   7.3358186e+01   1.3122152e+01
   5.6106681e+01   7.7587415e+00   1.6888344e+01   5.6106681e+01   7.4580032e+01   1.3598692e+01
   5.5615681e+01   7.9562430e+00   1.6636339e+01   5.5615681e+01   7.5387215e+01   1.3959234e+01
   5.5126165e+01   8.3373124e+00   1.6418348e+01   5.5126165e+01   7.6052260e+01   1.4460397e+01
   5.4639053e+01   8.7475961e+00   1.6390065e+01   5.4639053e+01   7.7197567e+01   1.4939920e+01
   5.4159085e+01   9.0093793e+00   1.6276085e+01   5.4159085e+01   7.8205217e+01   1.5278388e+01
   5.3680188e+01   9.2416499e+00   1.5863868e+01   5.3680188e+01   7.9138159e+01   1.5645611e+01
   5.3204041e+01   9.6850272e+00   1.5613881e+01   5.3204041e+01   7.9818761e+01   1.6746330e+01
   5.2734934e+01   1.0113700e+01   1.5560169e+01   5.2734934e+01   8.0667814e+01   1.7536695e+01
   5.2265844e+01   1.0386872e+01   1.5152682e+01   5.2265844e+01   8.1702999e+01   1.8400995e+01
   5.1800493e+01   1.0787993e+01   1.4913459e+01   5.1800493e+01   8.2913472e+01   1.9193689e+01
   5.1342076e+01   1.1332374e+01   1.4995932e+01   5.1342076e+01   8.4287492e+01   1.9641958e+01
   5.0882013e+01   1.1749064e+01   1.4862290e+01   5.0882013e+01   8.5675989e+01   2.0674654e+01
   5.0427291e+01   1.1986482e+01   1.4441309e+01   5.0427291e+01   8.6449431e+01   2.1527881e+01
   4.9978722e+01   1.2459356e+01   1.4349422e+01   4.9978722e+01   8.7375920e+01   2.1918747e+01
   4.9527611e+01   1.2888101e+01   1.4147388e+01   4.9527611e+01   8.8498371e+01   2.2367751e+01
   4.9083352e+01   1.3350668e+01   1.4114880e+01   4.9083352e+01   8.9487897e+01   2.3050306e+01
   4.8642291e+01   1.3697587e+01   1.3860131e+01   4.8642291e+01   9.0477110e+01   2.3188948e+01
   4.8201593e+01   1.4117895e+01   1.3662692e+01   4.8201593e+01   9.1169932e+01   2.3241303e+01
   4.7767635e+01   1.4636399e+01   1.3619340e+01   4.7767635e+01   9.2097239e+01   2.3280569e+01
   4.7333396e+01   1.5041784e+01   1.3275885e+01   4.7333396e+01   9.2891721e+01   2.3999674e+01
   4.6902955e+01   1.5414836e+01   1.3090293e+01   4.6902955e+01   9.3868247e+01   2.4445510e+01
   4.6478061e+01   1.5852330e+01   1.2890119e+01   4.6478061e+01   9.5112884e+01   2.5476675e+01
   4.6051072e+01   1.6347811e+01   1.2742292e+01   4.6051072e+01   9.6128099e+01   2.6161836e+01
   4.5630734e+01   1.6827961e+01   1.2534729e+01   4.5630734e+01   9.7315393e+01   2.6809965e+01
   4.5211312e+01   1.7209596e+01   1.2428870e+01   4.5211312e+01   9.8930360e+01   2.7973317e+01
   4.4794396e+01   1.7630780e+01   1.2350113e+01   4.4794396e+01   1.0050617e+02   2.9232725e+01
   4.4383019e+01   1.7979836e+01   1.2065456e+01   4.4383019e+01   1.0154574e+02   2.9852792e+01
   4.3969474e+01   1.8521197e+01   1.1983661e+01   4.3969474e+01   1.0282079e+02   3.0363697e+01
   4.3562487e+01   1.9240761e+01   1.2035705e+01   4.3562487e+01   1.0418947e+02   3.1107163e+01
   4.3155337e+01   1.9758139e+01   1.1804629e+01   4.3155337e+01   1.0611972e+02   3.2101594e+01
   4.2751705e+01   2.0157321e+01   1.1595940e+01   4.2751705e+01   1.0742720e+02   3.3552665e+01
   4.2351376e+01   2.0840961e+01   1.1409506e+01   4.2351376e+01   1.0834780e+02   3.4307280e+01
   4.1951062e+01   2.1604091e+01   1.1418364e+01   4.1951062e+01   1.0916719e+02   3.4460281e+01
   4.1556994e+01   2.2413755e+01   1.1427525e+01   4.1556994e+01   1.1029695e+02   3.4936452e+01
   4.1159971e+01   2.3107285e+01   1.1349786e+01   4.1159971e+01   1.1096452e+02   3.5118525e+01
   4.0769434e+01   2.3770390e+01   1.1138064e+01   4.0769434e+01   1.1130958e+02   3.5402681e+01
   4.0377866e+01   2.4434912e+01   1.1082794e+01   4.0377866e+01   1.1167791e+02   3.5247172e+01
   3.9990624e+01   2.5160244e+01   1.1168958e+01   3.9990624e+01   1.1197417e+02   3.5448064e+01
   3.9604195e+01   2.5757340e+01   1.1273154e+01   3.9604195e+01   1.1283403e+02   3.5827153e+01
   3.9220237e+01   2.6382747e+01   1.1321899e+01   3.9220237e+01   1.1341018e+02   3.6099608e+01
   3.8838428e+01   2.7046338e+01   1.1376715e+01   3.8838428e+01   1.1375976e+02   3.6380477e+01
   3.8457748e+01   2.7646773e+01   1.1385627e+01   3.8457748e+01   1.1463943e+02   3.7245287e+01
   3.8080052e+01   2.8246970e+01   1.1534806e+01   3.8080052e+01   1.1579573e+02   3.8038976e+01
   3.7702654e+01   2.9180476e+01   1.1707937e+01   3.7702654e+01   1.1703907e+02   3.8909061e+01
   3.7328571e+01   2.9979515e+01   1.1447439e+01   3.7328571e+01   1.1758680e+02   3.9394814e+01
   3.6954468e+01   3.0861217e+01   1.0976901e+01   3.6954468e+01   1.1805080e+02   4.0172156e+01
   3.6583512e+01   3.2060109e+01   1.0818194e+01   3.6583512e+01   1.1784322e+02   4.0366912e+01
   3.6212722e+01   3.3131399e+01   1.0647862e+01   3.6212722e+01   1.1840234e+02   4.0895384e+01
   3.5844416e+01   3.4300854e+01   1.0576573e+01   3.5844416e+01   1.1965646e+02   4.1774047e+01
   3.5476968e+01   3.5235385e+01   1.0927453e+01   3.5476968e+01   1.2110521e+02   4.2859241e+01
   3.5110847e+01   3.6274186e+01   1.1431025e+01   3.5110847e+01   1.2215421e+02   4.3352081e+01
   3.4746778e+01   3.7379823e+01   1.1661941e+01   3.4746778e+01   1.2347639e+02   4.3402803e+01
   3.4382391e+01   3.8441509e+01   1.1569534e+01   3.4382391e+01   1.2476538e+02   4.4319840e+01
   3.4021744e+01   3.9532122e+01   1.1138004e+01   3.4021744e+01   1.2553662e+02   4.4750496e+01
   3.3658650e+01   4.0669387e+01   1.1290993e+01   3.3658650e+01   1.2576331e+02   4.5136840e+01
   3.3299617e+01   4.1970198e+01   1.1788714e+01   3.3299617e+01   1.2641344e+02   4.5464600e+01
   3.2939253e+01   4.2995004e+01   1.2341942e+01   3.2939253e+01   1.2681587e+02   4.6274485e+01
   3.2580619e+01   4.4295100e+01   1.2940129e+01   3.2580619e+01   1.2778451e+02   4.7114635e+01
   3.2223849e+01   4.5410891e+01   1.3351348e+01   3.2223849e+01   1.2832748e+02   4.7644733e+01
   3.1865205e+01   4.6585797e+01   1.3421762e+01   3.1865205e+01   1.2866224e+02   4.7780920e+01
   3.1509360e+01   4.7760702e+01   1.3378975e+01   3.1509360e+01   1.2920028e+02   4.8124280e+01
   3.1153066e+01   4.9039801e+01   1.3659057e+01   3.1153066e+01   1.2936253e+02   4.8320566e+01
   3.0796356e+01   5.0686091e+01   1.3999210e+01   3.0796356e+01   1.2980133e+02   4.8505715e+01
   3.0441636e+01   5.2546052e+01   1.4111071e+01   3.0441636e+01   1.2970884e+02   4.8651630e+01
   3.0085974e+01   5.4085767e+01   1.4609205e+01   3.0085974e+01   1.2964004e+02   4.8790645e+01
   2.9729560e+01   5.5538298e+01   1.5305217e+01   2.9729560e+01   1.2983267e+02   4.9090869e+01
   2.9374319e+01   5.6917119e+01   1.5674385e+01   2.9374319e+01   1.3036827e+02   4.9535449e+01
   2.9019532e+01   5.7806980e+01   1.5772382e+01   2.9019532e+01   1.3107569e+02   5.0085825e+01
   2.8661803e+01   5.8837540e+01   1.6228050e+01   2.8661803e+01   1.3212189e+02   5.0514743e+01
   2.8304423e+01   5.9587608e+01   1.6633387e+01   2.8304423e+01   1.3308434e+02   5.1127698e+01
   2.7947015e+01   6.0044179e+01   1.6861935e+01   2.7947015e+01   1.3335358e+02   5.1265123e+01
   2.7589195e+01   6.0791393e+01   1.7047601e+01   2.7589195e+01   1.3362746e+02   5.1645538e+01
   2.7229145e+01   6.1568376e+01   1.7317045e+01   2.7229145e+01   1.3411299e+02   5.1838043e+01
   2.6867221e+01   6.2259704e+01   1.7647334e+01   2.6867221e+01   1.3411085e+02   5.1839020e+01
   2.6504122e+01   6.2935220e+01   1.7835305e+01   2.6504122e+01   1.3353302e+02   5.2157512e+01
   2.6139510e+01   6.3900837e+01   1.8449219e+01   2.6139510e+01   1.3360177e+02   5.1997406e+01
   2.5773059e+01   6.4200636e+01   1.8849734e+01   2.5773059e+01   1.3380814e+02   5.1905755e+01
   2.5404455e+01   6.4492075e+01   1.9055068e+01   2.5404455e+01   1.3298883e+02   5.1818216e+01
   2.5033401e+01   6.4959287e+01   1.9141941e+01   2.5033401e+01   1.3203708e+02   5.1455061e+01
   2.4659620e+01   6.5432850e+01   1.9268950e+01   2.4659620e+01   1.3136666e+02   5.1666416e+01
   2.4282860e+01   6.5540489e+01   1.9332134e+01   2.4282860e+01   1.3066362e+02   5.1524709e+01
   2.3902900e+01   6.5960331e+01   1.9751114e+01   2.3902900e+01   1.2999070e+02   5.1272865e+01
   2.3519554e+01   6.6608184e+01   2.0245051e+01   2.3519554e+01   1.2890157e+02   5.0810924e+01
   2.3132678e+01   6.6905286e+01   2.0130175e+01   2.3132678e+01   1.2733215e+02   5.0142686e+01
   2.2741474e+01   6.7136320e+01   2.0127126e+01   2.2741474e+01   1.2576365e+02   4.9545134e+01
   2.2344514e+01   6.7308512e+01   2.0488632e+01   2.2344514e+01   1.2417903e+02   4.8829440e+01
   2.1943592e+01   6.7153242e+01   2.0331766e+01   2.1943592e+01   1.2249279e+02   4.8266167e+01
   2.1538122e+01   6.6744820e+01   2.0164333e+01   2.1538122e+01   1.2066295e+02   4.7752318e+01
   2.1125679e+01   6.6790322e+01   2.0110533e+01   2.1125679e+01   1.1883092e+02   4.7207333e+01
   2.0709133e+01   6.6941199e+01   2.0350962e+01   2.0709133e+01   1.1676282e+02   4.6384828e+01
   2.0285456e+01   6.6916637e+01   2.0355324e+01   2.0285456e+01   1.1485492e+02   4.5627815e+01
   1.9856594e+01   6.6445337e+01   2.0283389e+01   1.9856594e+01   1.1257775e+02   4.4541999e+01
   1.9422772e+01   6.5994866e+01   2.0400909e+01   1.9422772e+01   1.0961653e+02   4.3633927e+01
   1.8984225e+01   6.5392822e+01   2.0339331e+01   1.8984225e+01   1.0673941e+02   4.2591615e+01
   1.8541974e+01   6.4557244e+01   2.0032789e+01   1.8541974e+01   1.0444426e+02   4.1698913e+01
   1.8097911e+01   6.3690213e+01   1.9621800e+01   1.8097911e+01   1.0199143e+02   4.1001206e+01
   1.7654788e+01   6.2731568e+01   1.9501885e+01   1.7654788e+01   9.9412984e+01   3.9744162e+01
   1.7216098e+01   6.1451933e+01   1.9083665e+01   1.7216098e+01   9.6763606e+01   3.8891970e+01
   1.6784977e+01   6.0069442e+01   1.8678254e+01   1.6784977e+01   9.3929313e+01   3.7796297e+01
   1.6361625e+01   5.8757378e+01   1.8348164e+01   1.6361625e+01   9.1085605e+01   3.6733562e+01
   1.5945162e+01   5.7232286e+01   1.7818947e+01   1.5945162e+01   8.8300010e+01   3.5584028e+01
   1.5535687e+01   5.5760202e+01   1.7268302e+01   1.5535687e+01   8.5750347e+01   3.4418710e+01
   1.5131674e+01   5.4431546e+01   1.6671006e+01   1.5131674e+01   8.3090994e+01   3.3405939e+01
   1.4733277e+01   5.3078622e+01   1.6270628e+01   1.4733277e+01   8.0371374e+01   3.2311837e+01
   1.4339575e+01   5.1524002e+01   1.5728717e+01   1.4339575e+01   7.7733194e+01   3.1282196e+01
   1.3949460e+01   5.0129562e+01   1.5291943e+01   1.3949460e+01   7.5117248e+01   3.0369065e+01
   1.3562442e+01   4.8678129e+01   1.4850562e+01   1.3562442e+01   7.2604108e+01   2.9439193e+01
   1.3177548e+01   4.7146634e+01   1.4386318e+01   1.3177548e+01   7.0018051e+01   2.8380428e+01
   1.2793339e+01   4.5783034e+01   1.3904601e+01   1.2793339e+01   6.7807539e+01   2.7723187e+01
   1.2408719e+01   4.3900674e+01   1.3679153e+01   1.2408719e+01   6.5034586e+01   2.6684180e+01
   1.2021949e+01   4.2358181e+01   1.3150137e+01   1.2021949e+01   6.2515405e+01   2.5519719e+01
   1.1631800e+01   4.0733704e+01   1.2201127e+01   1.1631800e+01   6.0179090e+01   2.4432907e+01
   1.1237587e+01   3.9001422e+01   1.1476127e+01   1.1237587e+01   5.7681497e+01   2.3276145e+01
   1.0839143e+01   3.7317915e+01   1.1106521e+01   1.0839143e+01   5.5205810e+01   2.2174880e+01
   1.0436089e+01   3.5843752e+01   1.0631017e+01   1.0436089e+01   5.2111868e+01   2.0959461e+01
   1.0029146e+01   3.4341857e+01   1.0172608e+01   1.0029146e+01   4.8940205e+01   1.9532623e+01
   9.6202767e+00   3.2546408e+01   9.4190096e+00   9.6202767e+00   4.5868370e+01   1.8216275e+01
   9.2126631e+00   3.0790544e+01   8.7485165e+00   9.2126631e+00   4.3334361e+01   1.7106377e+01
   8.8091490e+00   2.9212561e+01   8.3511249e+00   8.8091490e+00   4.0825108e+01   1.6093285e+01
   8.4089779e+00   2.7076940e+01   7.4336466e+00   8.4089779e+00   3.8735422e+01   1.5250994e+01
   8.0108182e+00   2.4888122e+01   6.6259825e+00   8.0108182e+00   3.6438839e+01   1.4296571e+01
   7.6134435e+00   2.3165816e+01   6.0281819e+00   7.6134435e+00   3.4322199e+01   1.3424354e+01
   7.2155423e+00   2.1717900e+01   5.6752645e+00   7.2155423e+00   3.2358238e+01   1.2610710e+01
   6.8160708e+00   2.0428993e+01   5.3992819e+00   6.8160708e+00   3.0367415e+01   1.1795553e+01
   6.4149443e+00   1.9112075e+01   4.8704673e+00   6.4149443e+00   2.8526876e+01   1.1090054e+01
   6.0137609e+00   1.7886462e+01   4.3819498e+00   6.0137609e+00   2.6746545e+01   1.0172371e+01
   5.6137429e+00   1.6710910e+01   3.9725643e+00   5.6137429e+00   2.5232930e+01   9.5514162e+00
   5.2139261e+00   1.5482749e+01   3.7843491e+00   5.2139261e+00   2.3645174e+01   8.8120271e+00
   4.8140270e+00   1.4438666e+01   3.4746862e+00   4.8140270e+00   2.1732803e+01   8.0472823e+00
   4.4137665e+00   1.3372826e+01   3.3107811e+00   4.4137665e+00   2.0076484e+01   7.3661758e+00
   4.0137136e+00   1.2287895e+01   3.1378485e+00   4.0137136e+00   1.8528267e+01   6.7236452e+00
   3.6136605e+00   1.1355259e+01   3.1039252e+00   3.6136605e+00   1.7070672e+01   6.1125592e+00
   3.2135829e+00   1.0396939e+01   2.9641582e+00   3.2135829e+00   1.5744140e+01   5.2695335e+00
   2.8135123e+00   9.5360026e+00   2.9367679e+00   2.8135123e+00   1.4413599e+01   4.6845800e+00
   2.4134474e+00   8.7345391e+00   2.9169637e+00   2.4134474e+00   1.3027521e+01   4.4648265e+00
   2.0133838e+00   7.9295267e+00   2.9442184e+00   2.0133838e+00   1.1794894e+01   4.0582576e+00
   1.6133203e+00   7.1189167e+00   3.0939936e+00   1.6133203e+00   1.0615213e+01   3.7151421e+00
   1.2132607e+00   6.2719101e+00   3.2325933e+00   1.2132607e+00   9.4659108e+00   3.4578181e+00
   8.1320681e-01   5.4103961e+00   3.4168963e+00   8.1320681e-01   8.2795176e+00   3.2889844e+00
   4.1316482e-01   4.5292192e+00   3.5925550e+00   4.1316482e-01   7.0767673e+00   3.2503416e+00
